355.3	62.4	298	63.8	223.9	23.3
3	45.3	331.4	56.5	223.9	23.3
349.8	46.3	319	51.3	223.9	23.3
9	52.8	326.8	64.6	223.9	23.3
2.3	35.9	339.7	48.5	223.9	23.3
10.1	42.4	342	57.3	223.9	23.3
343.5	54.3	304.6	54.2	223.9	23.3
5.8	39.3	340.5	52.9	223.9	23.3
354	31.8	334.4	41.6	223.9	23.3
29.1	39.5	9.9	62	223.9	23.3
343.3	28.3	327.3	33.6	223.9	23.3
346	48	313.7	50.9	223.9	23.3
346	48	313.7	50.9	223.9	23.3
359.1	70.2	281.6	67.9	223.9	23.3
351.3	26	335.8	35.3	223.9	23.3
10.8	20.4	358.3	37.8	223.9	23.3
345	26.3	330	33.2	223.9	23.3
343.3	49.4	323	37.7	223.9	23.3
337.6	47	320.1	33.3	271.2	23.0
337.5	44.8	321.6	31.9	271.2	23.0
334.1	44.7	318.8	30.5	271.2	23.0
343.9	57.6	317.7	44.7	271.2	23.0
335.4	54.2	314.6	39.2	271.2	23.0
357.2	19.1	349.7	15.5	271.2	23.0
348.4	44.4	329.7	34.9	271.2	23.0
349.4	50.5	326.6	40.7	271.2	23.0
340.8	65.2	309.5	50.1	271.2	23.0
334.6	49.3	316.8	34.9	271.2	23.0
354.3	50.4	330.6	42	271.2	23.0
358.1	37.4	342	31.1	271.2	23.0
3.7	53.9	333.8	48.2	271.2	23.0
360	41.6	340.7	36.5	271.2	23.0
19	37.9	359.2	41	271.2	23.0
339.8	48	321.3	35.2	271.2	23.0
351.1	53.2	326	43.3	271.2	23.0
338.1	48.9	319.6	35.2	271.2	23.0
351.1	50.5	327.8	41.1	271.2	23.0
351.3	52.1	326.7	42.5	271.2	23.0
334.8	55.3	313.4	40.3	271.2	23.0
0.6	59.3	326.7	51.3	271.2	23.0
351.3	49.1	329.1	39.8	271.2	23.0
338.3	42.4	323	29.7	271.2	23.0
353.2	36.6	351.6	-31.7	330.0	74.6
358.5	13.8	14.8	-47.3	330.0	74.6
3	33	2.1	-30	330.0	74.6
351.7	41.5	347.9	-28.1	330.0	74.6
0.7	44.4	352.4	-22.2	330.0	74.6
3.1	32.7	2.4	-30.1	330.0	74.6
2.9	44.4	354	-21.2	330.0	74.6
1.8	35	359.3	-29.5	330.0	74.6
3.7	30.4	4.2	-31.8	330.0	74.6
351	47.1	344.5	-23.2	330.0	74.6
352.5	43	347.8	-26.7	330.0	74.6
351.6	54	341.8	-16.7	330.0	74.6
344.5	57.7	336.5	-14.8	330.0	74.6
349.7	46	344.4	-24.8	330.0	74.6
349.6	52.8	341.4	-18.6	330.0	74.6
358.5	31.2	359.7	-33.9	330.0	74.6
8.8	43.5	358.8	-19.9	330.0	74.6
351.8	51.7	342.8	-18.8	330.0	74.6
346.3	53.8	339	-18.3	330.0	74.6
349.1	64.4	336.5	-7.8	330.0	74.6
8.4	35.9	3.3	-25.1	330.0	74.6
10.8	46.4	356.4	-16	330.0	74.6
3.1	45.2	353.4	-20.2	330.0	74.6
21.5	51.2	357.9	-7.6	330.0	74.6
22.5	57.7	353.2	-3.4	330.0	74.6
340.9	46.1	70.4	51.9	119.0	61.3
35.9	63.4	90.6	21	119.0	61.3
8.4	64.5	90.2	33.1	119.0	61.3
355.7	28.6	44.7	40.4	119.0	61.3
16.8	25.6	47.7	21.5	119.0	61.3
357.1	36.8	55.7	40.5	119.0	61.3
354.7	39.9	59.7	42.6	119.0	61.3
359.8	29.8	47.4	37	119.0	61.3
5.1	59.5	313.1	66.5	223.9	23.3
6	52.8	325.9	62.9	223.9	23.3
353.1	17.1	343	27.5	223.9	23.3
7.7	38.9	344.1	52.7	223.9	23.3
358.7	39	334.8	49	223.9	23.3
14.2	23.5	1.9	41.5	223.9	23.3
350.1	43	323.1	48.5	223.9	23.3
17.4	40.5	354	57.9	223.9	23.3
32.8	46	9.6	68.4	223.9	23.3
11.8	44.8	343.5	59.1	223.9	23.3
28.6	43.5	6.2	64.6	223.9	23.3
355.3	35	334.9	43.8	223.9	23.3
353.7	59.4	305.5	61.8	223.9	23.3
357.6	22.4	344.7	33.2	223.9	23.3
336.9	40.4	314.2	40.9	223.9	23.3
344.5	48.9	313	50.1	223.9	23.3
357.6	69.8	284.9	67.7	223.9	23.3
344.8	46.1	315.7	48.6	223.9	23.3
343.5	33.8	324.7	37.7	223.9	23.3
9.6	42.4	343.2	56.1	223.9	23.3
10	50	334	62.4	223.9	23.3
359	48.4	339.3	63.9	220.7	22.6
343.5	46	322	57.1	220.7	22.6
340.4	55.9	307.8	64.5	220.7	22.6
6.9	55.5	343.2	72.4	220.7	22.6
352	60.2	313.2	71.7	220.7	22.6
358.3	58.6	324.3	72.4	220.7	22.6
347.2	59.3	309.5	69.4	220.7	22.6
3	57.5	333.4	73	220.7	22.6
0.1	55.4	332.6	70.4	220.7	22.6
358.4	60.1	321.4	73.7	220.7	22.6
341	54.1	310.8	63.2	220.7	22.6
359.8	53.2	335.5	68.2	220.7	22.6
343	22	334.5	34.6	220.7	22.6
0.5	55.4	333.1	70.5	220.7	22.6
9	59.1	340.3	76	220.7	22.6
7.2	45.3	353.4	62.9	220.7	22.6
18	57.5	1.9	76.6	220.7	22.6
351.3	54.4	322.3	66.8	220.7	22.6
345.9	59.4	308.3	69.1	220.7	22.6
337.6	66	286.1	70.6	220.7	22.6
4.7	67.4	303.9	80.5	220.7	22.6
4.6	64.1	318.5	78.6	220.7	22.6
4.2	62.3	324	77.2	220.7	22.6
5.1	59.7	332.3	75.3	220.7	22.6
3.8	62.1	323.8	76.9	220.7	22.6
358.2	41.3	343.2	57	220.7	22.6
348.3	35.2	334.8	48.6	220.7	22.6
9.7	40.7	359.5	58.9	220.7	22.6
12.3	41.9	2.6	60.5	220.7	22.6
4.4	42.2	351.2	59.3	220.7	22.6
12.5	48.3	359.7	66.8	220.7	22.6
31.7	57.6	34.1	77.6	220.7	22.6
336.8	56.7	302.9	63.8	220.7	22.6
347.5	49.2	323.5	61.2	220.7	22.6
357.8	46.3	339.5	61.5	220.7	22.6
2.1	48.8	343.3	65	220.7	22.6
354.9	47.6	334.3	62.1	220.7	22.6
345.2	46.4	323.2	58.5	220.7	22.6
2.7	48.1	344.7	64.4	220.7	22.6
341.4	48.8	317.2	58.8	220.7	22.6
350.5	45.9	330.2	59.2	220.7	22.6
358.7	48.6	358.7	48.6	237.4	25.4
353.5	57.5	353.5	57.5	237.4	25.4
7.9	59	7.9	59	237.4	25.4
352.5	48.2	352.5	48.2	237.4	25.4
357.6	45.4	357.6	45.4	237.4	25.4
9.1	27.7	9.1	27.7	237.4	25.4
348.1	33.3	348.1	33.3	237.4	25.4
353.4	60.3	353.4	60.3	237.4	25.4
351.2	46	321.6	51.5	237.4	25.4
355.9	49.3	321.6	56.2	237.4	25.4
359.2	42.5	332	52	237.4	25.4
25.9	53	347.6	71.5	237.4	25.4
23.8	53.6	343.8	71	237.4	25.4
3.1	46.1	332.2	56.7	237.4	25.4
357.2	43.3	329.3	52	237.4	25.4
3.8	43.9	335.9	55.4	237.4	25.4
6.2	32.2	347.6	46.3	237.4	25.4
26.8	50.7	353.8	70.2	237.4	25.4
343.8	20.4	332.4	26.6	237.4	25.4
26.5	56.5	17.9	79.4	218.0	22.0
7.7	57.2	334.4	75.4	218.0	22.0
342	30.6	327.5	42.8	218.0	22.0
0.8	52.2	330	68.6	218.0	22.0
335	67.5	273.5	69.4	218.0	22.0
5.2	71.6	262.2	79.9	218.0	22.0
340.2	69.8	269.1	71.6	218.0	22.0
350.7	39.3	331.6	54.4	218.0	22.0
309.2	64.7	265.8	59.1	218.0	22.0
3.4	36.4	349.7	55.5	218.0	22.0
347.7	49	318.9	61.8	218.0	22.0
334.1	42.3	334.1	42.3	223.0	27.7
358.9	36.9	358.9	36.9	223.0	27.7
333.3	28.5	333.3	28.5	223.0	27.7
30.2	50.7	30.2	50.7	223.0	27.7
350.7	45.8	350.7	45.8	223.0	27.7
347.8	28.2	347.8	28.2	223.0	27.7
2.3	49	2.3	49	223.0	27.7
1.6	61.4	1.6	61.4	223.0	27.7
358.9	54.2	324.7	70.1	223.0	27.7
350.9	33.5	335.8	49.3	223.0	27.7
26.4	47.5	22.1	70.5	223.0	27.7
355.6	48.3	330.1	64.4	223.0	27.7
357.5	40.3	339.2	57.7	223.0	27.7
348.9	42.8	326	56.7	223.0	27.7
332.5	33.8	315.5	43	223.0	27.7
33.8	14.7	34.3	37.6	223.0	27.7
2.4	35.7	348.5	54.6	223.0	27.7
0.9	24.5	352	43.6	223.0	27.7
27.7	58	20.8	81.3	223.0	27.7
356.2	67.3	282	76.5	223.0	27.7
13	47.1	356.7	68.1	223.0	27.7
350.9	41	330.5	56	223.0	27.7
350.1	48.9	321.4	62.7	223.0	27.7
4	37.2	350.1	56.4	223.0	27.7
352.6	49.6	323.5	64	223.0	27.7
349.2	53	315.1	65.5	223.0	27.7